seamountA
%
seamountA_1.tsout3.nc N
# vertical transects
VT
1
2001/01/01;00:00:00,000 2001/01/08;00:00:00,000 1 F
2
T
1 25 50 25 1 0.001
4 1 2 3
1 1
T 13 3
10.0 22.0
4 4 0.1 0.001
0.0 0.0 2
T
25 1 25 50 1 0.001
4 1 2 3
1 1
T 13 3
10.0 22.0
4 4 0.1 0.001
0.0 0.0 2
# horizontal transects
HT
1
2001/01/01;00:00:00,000 2001/01/08;00:00:00,000 1 F
3
T
1 1 50 50 1 0.001
4 1 2
1 1
T 13 3
10.0 22.0
4 4 0.1
2 1 400.0
T
1 1 50 50 1 0.001
4 1 2
1 1
T 13 3
10.0 22.0
4 4 0.1
2 1 1000.0
T
1 1 50 50 1 0.001
4 1 2
1 1
T 13 3
10.0 22.0
4 4 0.1
2 1 3000.0
N
seamountA_2.tsout0.nc N
TS
1
2001/01/01;00:00:00,000 2001/01/08;00:00:00,000 2001/01/01;00:00:00,000 1 4 F
11 11
1
1 1
2
2 1
3
3 1
4
4 1
5
5 1
6
6 1
7
7 1
8
8 1
9
9 1
10
10 1
11
11 1
Q
